2 2 334 93642 2 5279 737 0 2 0 3
0 13453 50 0 113 36952 1 49328 0 103 7
8333 0 157 0 91506 0 0 0 2 2 4
0 0 0 0 4 0 0 99996 0 0 7
126 1 0 0 0 0 0 0 99873 0 8
0 0 1157 1903 45720 49732 4 1484 0 0 4
9614 15452 0 0 0 0 0 0 74564 370 8
16 0 13133 4028 3080 8 79735 0 0 0 6
1120 0 98710 160 0 10 0 0 0 0 2
98731 0 0 425 0 0 0 0 843 1 0
0 0 60 9844 0 89877 1 218 0 0 5
0 0 0 0 4426 25200 0 70374 0 0 7
0 100000 0 0 0 0 0 0 0 0 1
0 6 0 55 0 21 965 0 98945 8 8
12990 0 0 0 0 0 0 0 27 86983 9
0 0 0 0 1 0 99999 0 0 0 6
0 0 0 82078 2043 15879 0 0 0 0 3
0 0 26502 170 73080 93 150 5 0 0 2
0 0 38 75 8 260 0 300 0 99319 9
14 4 429 2 3160 0 96374 2 11 4 6
0 34 0 7 0 68 12 0 0 99879 9
0 0 144 90 99764 0 2 0 0 0 4
0 99816 0 0 0 0 4 0 0 180 1
0 0 401 1 0 99389 0 209 0 0 5
0 3563 0 455 0 1 0 9 15612 80360 8
0 0 3397 44620 13202 1019 35608 836 0 1318 4
0 0 0 1 0 99451 0 548 0 0 5
0 99884 0 0 0 0 0 0 90 26 1
100000 0 0 0 0 0 0 0 0 0 0
0 0 9589 0 89950 1 209 251 0 0 4
784 0 2125 186 1 33 0 0 96799 72 8
2 0 17 0 1 0 5 99975 0 0 7
0 0 29 99757 5 209 0 0 0 0 5
54 3465 0 22 0 17 2 10 1445 94985 9
7 2331 433 20 0 21 75 672 65 96376 9
0 0 0 0 0 1 0 99999 0 0 7
462 81 123 911 82658 13 1067 1123 1839 11723 4
0 0 43 1890 0 98066 0 1 0 0 2
0 0 14 83030 11455 897 0 812 0 3792 3
0 4 0 0 0 0 0 0 0 99996 9
0 0 0 0 0 0 0 100000 0 0 7
0 1090 2007 6824 0 4658 84576 0 829 16 6
0 0 0 0 0 0 0 100000 0 0 7
0 0 9499 0 62964 0 1 27536 0 0 4
11 1 0 0 0 0 0 0 99988 0 8
0 1 24449 651 754 18506 55639 0 0 0 2
3 0 9 541 4033 0 95414 0 0 0 6
0 74 0 0 0 0 0 0 0 99926 9
46 0 0 15725 0 19 0 116 272 83822 9
0 0 59444 1109 27247 2 12198 0 0 0 2
0 0 0 0 0 100000 0 0 0 0 5
0 99993 0 0 0 0 0 0 0 7 1
0 0 2 23818 0 75561 0 597 0 22 7
0 0 0 0 0 0 0 0 0 100000 9
0 4115 809 0 0 2 95057 0 0 17 6
60310 0 0 0 0 48 0 191 39451 0 7
0 0 56603 8 464 42739 0 186 0 0 5
0 0 101 203 9782 4830 85031 53 0 0 6
578 0 0 0 0 0 0 0 99422 0 8
357 553 262 98813 1 14 0 0 0 0 3
1801 0 0 0 0 0 0 0 98199 0 8
23 3 9224 29951 399 512 59725 134 1 28 9
0 0 21768 32 0 0 78199 1 0 0 2
0 52581 0 0 0 0 0 0 0 47419 1
0 0 0 88967 0 9446 0 1587 0 0 3
31 0 20 91898 5906 0 173 0 1972 0 4
155 0 1335 0 419 0 0 98091 0 0 7
0 99562 0 0 0 0 0 0 303 135 1
0 0 0 90 8516 1098 0 90296 0 0 7
0 0 126 1057 65977 32787 3 49 1 0 4
0 0 3455 52109 67 44141 207 21 0 0 5
5 0 156 0 75227 1029 8 23575 0 0 4
90447 0 62 3 4 0 0 0 9484 0 0
0 0 22 0 2 1 99975 0 0 0 6
0 85453 0 41 0 13667 338 72 115 314 1
0 99854 0 0 0 0 0 0 0 146 1
1 0 144 8 1646 0 0 98189 0 12 7
1 11 0 0 0 0 0 0 99988 0 8
0 0 0 0 0 0 0 100000 0 0 7
0 40312 750 46810 841 3653 6153 36 0 1445 6
2996 428 1379 2906 2175 57 10966 8 32574 46511 8
309 683 19140 48932 4759 5709 0 222 20243 3 5
0 0 401 45029 5926 9020 0 39610 0 14 7
47 0 170 93134 6299 344 1 4 0 1 3
0 0 346 827 1194 227 97406 0 0 0 6
0 0 90 39745 8 60154 3 0 0 0 5
0 0 59 396 99018 525 0 2 0 0 4
0 97231 0 0 0 0 0 0 357 2412 1
99722 2 0 0 15 0 0 0 53 208 0
62 0 2 0 280 0 0 99654 0 2 7
2328 1 817 4 96381 126 7 0 301 35 4
0 25 0 0 0 1 0 0 99945 29 8
731 900 585 456 30883 1 1789 23176 13408 28071 8
0 0 0 0 0 0 0 0 100000 0 8
0 100000 0 0 0 0 0 0 0 0 1
0 0 0 0 0 0 0 0 100000 0 8
0 0 100000 0 0 0 0 0 0 0 2
0 0 13923 33 0 86035 0 0 9 0 5
0 0 53798 1 0 46144 0 57 0 0 2
0 142 0 0 0 0 0 0 0 99858 9
0 99866 0 0 0 0 81 0 0 53 1
0 0 0 0 0 0 0 0 0 100000 9
99994 6 0 0 0 0 0 0 0 0 0
0 0 0 98455 0 1510 0 35 0 0 5
0 28789 0 0 0 0 0 0 18 71193 1
0 0 97308 58 124 0 3 2507 0 0 2
106 1 1333 3012 29128 907 0 684 64826 3 4
0 0 0 0 0 0 0 0 0 100000 9
94544 13 0 0 0 0 0 0 5442 1 0
0 0 1072 0 98795 0 131 2 0 0 4
82240 0 7406 0 8733 0 1621 0 0 0 0
0 100000 0 0 0 0 0 0 0 0 1
11 11566 0 0 0 0 0 0 2340 86083 9
0 0 5 3 99656 143 4 189 0 0 4
36 0 16282 541 72189 0 1 160 10790 1 4
1 2250 7611 53321 25079 30 5610 3 5812 283 3
0 0 99600 26 0 369 0 5 0 0 5
0 0 0 0 0 0 0 100000 0 0 7
0 0 0 48 41 46600 0 53311 0 0 7
7 159 0 0 0 0 0 0 99834 0 8
100000 0 0 0 0 0 0 0 0 0 0
33 24895 295 1423 10 636 1251 12687 58770 0 8
0 0 0 0 0 0 0 100000 0 0 7
924 195 282 7133 11127 2075 180 11019 3 67062 9
29 0 0 0 0 0 0 0 99971 0 8
0 0 1648 27 66951 8 31330 36 0 0 4
31 72395 3 72 0 0 0 0 27333 166 1
1 1 24018 3740 867 2649 68724 0 0 0 2
0 12 15 30 2548 7708 0 89645 0 42 7
0 57 0 34526 0 58373 6639 29 0 376 6
2 0 0 0 0 0 0 0 99998 0 8
227 99568 0 0 1 0 1 9 169 25 1
0 0 0 0 1 0 0 99999 0 0 7
192 0 27730 30265 9107 32705 0 1 0 0 3
100000 0 0 0 0 0 0 0 0 0 0
0 47240 0 0 0 0 0 0 0 52760 9
0 2 660 97677 2 42 88 76 0 1453 3
2396 74535 2517 341 10 14 37 20149 1 0 1
0 0 95538 0 4118 344 0 0 0 0 2
0 0 0 0 6 7 0 99987 0 0 7
62 1 274 1014 93478 0 5171 0 0 0 4
0 0 0 0 2 0 99998 0 0 0 6
0 0 0 100000 0 0 0 0 0 0 3
0 0 7 391 86924 2599 2384 7692 0 3 5
0 0 43 0 99953 0 4 0 0 0 4
0 0 7799 2370 0 20163 0 69663 0 5 3
74 0 33446 54064 11896 54 0 466 0 0 2
99961 0 0 39 0 0 0 0 0 0 3
73699 1147 1719 0 6 0 0 87 144 23198 9
0 3231 0 0 0 0 0 0 96769 0 8
0 0 1 54 0 99945 0 0 0 0 5
0 98941 0 0 0 0 0 0 1059 0 1
0 0 0 0 0 0 0 100000 0 0 7
0 0 0 0 0 36 0 99964 0 0 7
28 62132 1 0 0 0 0 0 0 37839 1
99358 0 636 0 0 0 0 0 6 0 0
0 88 13115 7681 71086 0 8029 1 0 0 4
790 0 0 0 1 0 0 0 99207 2 8
0 0 68025 104 3700 0 28165 0 0 6 6
0 0 9 64462 592 6368 27963 270 1 335 3
21 0 0 2 0 99041 30 906 0 0 5
87 5 53 26623 0 1041 2605 54 0 69532 3
36857 14418 1233 23987 17798 1656 1324 0 232 2495 4
1697 0 8 37 0 30 0 98228 0 0 7
14 0 3 37009 0 62973 0 0 1 0 3
0 30 9630 49 87342 42 2753 8 0 146 4
951 0 405 5691 38 0 856 91261 0 798 2
66 0 780 327 309 120 98296 102 0 0 6
340 1 1438 1262 96211 22 726 0 0 0 4
0 0 0 0 0 0 0 0 100000 0 8
101 1670 70 0 97558 0 1 470 130 0 6
1 0 46 30413 876 39242 334 29079 0 9 5
0 0 233 99523 9 8 109 95 0 23 2
0 100000 0 0 0 0 0 0 0 0 1
0 0 100000 0 0 0 0 0 0 0 2
11 68288 0 228 2 13 104 29 0 31325 1
0 100000 0 0 0 0 0 0 0 0 1
0 0 2 106 13 0 99878 1 0 0 6
689 54997 0 1 0 1 0 1309 674 42329 1
75 0 7181 22 81979 25 22 2 7 10687 4
0 0 96973 1047 632 376 904 68 0 0 4
89121 0 271 2935 702 2522 4398 51 0 0 0
0 0 31956 3879 3 118 64044 0 0 0 6
97920 0 0 0 0 0 0 0 2080 0 0
62173 1 5259 2892 26775 57 0 2839 0 4 0
0 0 0 99898 0 102 0 0 0 0 3
0 0 100000 0 0 0 0 0 0 0 2
99998 0 0 0 2 0 0 0 0 0 0
0 0 0 0 0 0 0 100000 0 0 7
0 0 5284 2066 92036 307 72 235 0 0 4
2 0 0 166 0 0 2 0 8 99822 9
70612 29 6650 141 68 288 7 2 22203 0 0
0 0 3099 50972 3787 75 39085 0 2982 0 6
0 0 0 0 0 0 0 100000 0 0 7
0 0 51 6056 5061 1125 87707 0 0 0 6
0 0 0 64105 0 0 35895 0 0 0 3
0 58 17 1315 0 8107 0 86295 227 3981 7
4 5 31507 21237 4130 296 39146 3637 0 38 6
0 0 99945 0 0 55 0 0 0 0 2
530 1950 11378 6199 3423 445 139 1448 0 74488 9
24183 1 4961 274 43168 2 0 23162 1516 2733 8
0 1 0 1 0 0 0 0 97579 2419 8
99996 0 0 0 0 0 0 0 4 0 0
894 0 1 193 0 1 98833 0 78 0 6
0 99999 0 0 0 0 0 0 0 1 1
0 0 0 0 0 0 0 100000 0 0 7
2 0 0 0 99997 0 0 0 1 0 4
0 0 0 239 0 99760 0 1 0 0 5
0 0 10924 39672 18 49386 0 0 0 0 5
26180 0 1 0 4 0 0 0 73815 0 0
148 0 22474 8 76913 9 448 0 0 0 4
67574 0 153 185 31877 0 0 0 211 0 4
42341 3 0 0 73 0 0 57583 0 0 7
0 0 0 0 0 0 0 0 99998 2 8
94508 81 0 0 2 0 0 0 4318 1091 8
107 2 6 18 0 35 4 0 99438 390 8
9343 37001 0 0 0 0 0 2 14942 38712 1
99991 0 0 0 0 0 0 0 9 0 0
0 5 0 1 0 0 99992 0 0 2 6
2 27 0 0 0 0 0 85 308 99578 9
0 0 448 46375 16592 21209 14405 970 0 1 3
0 0 0 1999 261 97033 7 700 0 0 5
0 1 79895 350 15015 1549 1662 1528 0 0 2
0 268 0 0 0 0 0 0 0 99732 9
0 0 0 0 0 0 0 0 0 100000 9
0 0 3 43425 3 56230 339 0 0 0 3
0 0 2 76089 21 1502 22362 1 0 23 3
0 29 0 0 4 0 0 10 1 99956 9
0 100000 0 0 0 0 0 0 0 0 1
1 0 21 0 4940 5 95033 0 0 0 6
0 1 806 490 98078 1 0 614 0 10 4
3 0 0 30284 8 4 0 69701 0 0 7
0 0 91648 1418 345 6581 3 4 1 0 2
0 6 100 1298 29445 5342 14944 48813 0 52 7
0 661 0 0 0 0 0 0 0 99339 9
0 1229 1081 87 8881 76604 8544 3571 0 3 6
11287 0 0 0 0 0 0 0 88713 0 8
0 0 158 72119 2353 25340 0 30 0 0 5
0 99 96106 184 0 0 2 25 0 3584 3
99138 0 1 9 5 49 1 0 797 0 0
0 0 0 0 0 0 0 0 0 100000 9
0 0 165 97209 0 83 0 2543 0 0 3
100000 0 0 0 0 0 0 0 0 0 0
0 0 0 0 0 100000 0 0 0 0 5
21665 0 42 0 2 0 0 1699 76592 0 0
2 1 0 99621 0 0 375 0 0 1 3
0 0 0 0 0 0 0 100000 0 0 7
0 0 5 0 6374 43 93578 0 0 0 6
0 0 6 9219 90033 90 652 0 0 0 4
109 2609 0 0 0 0 0 1 0 97281 1
0 0 0 0 0 0 0 100000 0 0 7
0 85 0 0 0 0 0 0 99910 5 8
0 597 405 91431 2 7564 1 0 0 0 3
0 0 11207 3520 2 77 85183 8 0 3 6
0 0 0 0 115 40 0 99845 0 0 7
0 0 34 99847 1 86 32 0 0 0 3
6 0 0 0 0 2 0 131 9703 90158 9
85 0 0 0 2 0 0 0 99913 0 8
99708 46 0 0 0 0 0 0 75 171 0
13 1462 101 14 1218 1064 2843 41371 0 51914 9
1 0 0 99668 0 331 0 0 0 0 3
95853 0 0 245 49 546 25 3204 78 0 0
0 95736 0 0 0 0 0 0 0 4264 1
100000 0 0 0 0 0 0 0 0 0 0
2237 4 354 5 48430 13 0 2729 24552 21676 0
0 122 0 0 0 0 0 0 0 99878 9
0 0 0 3578 0 3 0 96419 0 0 7
3457 0 0 397 70980 8695 0 16471 0 0 3
0 11 0 0 0 25 0 4 0 99960 9
0 13960 0 0 0 0 0 0 0 86040 1
2 61 0 0 0 0 0 0 0 99937 9
0 0 0 19 0 1 99980 0 0 0 6
0 0 0 0 0 0 0 0 0 100000 9
100000 0 0 0 0 0 0 0 0 0 0
5 99519 1 0 0 0 184 0 0 291 1
3374 5224 0 0 0 0 0 1 91324 77 8
0 0 6653 3778 87306 1369 894 0 0 0 4
2 0 9916 16280 2281 66470 4977 74 0 0 5
0 0 12 10174 0 88226 1588 0 0 0 3
0 0 1143 36330 0 28254 34273 0 0 0 5
5 64 7 1210 3053 16399 77803 8 0 1451 6
293 0 12277 15359 743 29217 42111 0 0 0 3
0 0 13339 27949 0 58513 0 0 3 196 2
795 17554 1 0 0 8 112 0 6659 74871 9
777 842 24555 73418 378 13 0 6 11 0 2
215 0 0 99607 0 175 3 0 0 0 3
0 0 0 0 0 0 0 0 0 100000 9
4 0 1491 0 7865 283 90357 0 0 0 6
8693 0 85468 0 5159 0 679 1 0 0 2
0 0 0 0 0 0 0 100000 0 0 7
0 0 98216 0 1756 0 0 28 0 0 2
0 0 406 3470 0 95964 3 156 0 1 5
0 5 90215 747 30 7616 201 1179 0 7 2
98127 1189 0 0 0 0 0 0 684 0 0
99988 0 0 0 0 0 0 0 12 0 0
6697 0 2461 57708 29207 3709 11 125 82 0 4
0 0 0 0 0 0 0 0 100000 0 8
7406 0 13254 3336 2470 11 11064 62459 0 0 7
0 0 5690 6319 1033 5415 81541 2 0 0 2
0 9 0 0 0 0 0 0 0 99991 9
533 7 3 37 1 0 3 3 97326 2087 8
0 0 475 17 3 0 99505 0 0 0 6
6 5 28812 3905 0 34642 5 32459 0 166 2
61 0 958 36484 61519 545 310 5 118 0 3
0 99136 0 0 0 0 0 0 0 864 1
1 99999 0 0 0 0 0 0 0 0 1
0 0 2 863 0 98469 0 0 666 0 5
0 637 0 0 0 0 0 2 0 99361 9
0 0 38028 78 33 45775 13968 1929 2 187 2
94203 1 0 0 0 0 0 1 5781 14 0
0 37 40775 57829 0 45 0 147 1058 109 3
0 0 41387 238 16429 41752 142 25 0 27 2
4659 34 95288 0 17 0 1 0 0 1 2
2808 259 76376 1322 166 0 5547 0 13466 56 2
59 0 21911 10142 255 35329 0 414 27537 4353 8
0 99900 47 15 1 1 14 0 0 22 1
93384 0 2207 0 4368 0 26 0 15 0 0
0 0 3 75677 18 840 31 23430 1 0 3
0 0 84321 489 8591 59 6530 10 0 0 2
14450 2070 5719 24968 2174 1106 33646 14788 17 1062 3
98608 155 0 0 0 0 0 0 1237 0 0
0 0 0 0 0 0 0 100000 0 0 7
1236 14 5173 66179 1848 801 22256 4 2461 28 3
0 0 0 99853 0 0 0 0 0 147 3
98921 0 33 558 382 102 0 0 4 0 0
3965 40 3 2490 35382 882 39798 3479 12152 1809 7
0 0 17466 0 4948 0 77586 0 0 0 6
12 5 296 0 3097 1 2 0 96587 0 8
2 0 80 2 15178 19262 64008 1468 0 0 6
22 68492 26 21 2746 0 0 226 27051 1416 1
0 0 0 0 0 0 0 100000 0 0 7
0 0 0 0 0 0 0 100000 0 0 7
2088 0 0 97831 31 18 32 0 0 0 5
99888 68 0 0 0 0 0 0 24 20 0
0 0 3 13844 0 86132 0 21 0 0 3
9 0 7 0 0 3 99981 0 0 0 6
0 0 89129 310 10162 42 344 13 0 0 2
0 0 64614 144 32140 954 2147 1 0 0 2
0 0 0 2 0 99998 0 0 0 0 5
0 0 0 0 0 0 0 100000 0 0 7
0 0 22912 1442 36615 0 39031 0 0 0 6
0 99995 0 0 0 0 0 0 1 4 1
0 84 0 0 0 0 0 0 0 99916 9
99365 0 591 0 44 0 0 0 0 0 0
0 0 99045 48 0 0 0 907 0 0 2
0 10 5 99450 31 502 0 0 0 2 3
0 0 10445 2 79062 3656 6835 0 0 0 5
0 100000 0 0 0 0 0 0 0 0 1
809 0 0 2 1 59 0 8 4578 94543 9
93505 159 0 0 0 0 0 0 6002 334 0
62461 5 1610 1 18 6 0 6 35790 103 2
0 0 0 0 0 0 0 100000 0 0 7
43689 6183 25 417 9 954 3954 0 43679 1090 7
3 0 0 0 0 0 0 0 99997 0 8
9792 0 5172 7148 76042 468 0 481 884 13 5
0 0 0 92233 0 8 0 0 77 7682 9
0 0 0 0 0 10276 0 89724 0 0 7
0 7 2286 18992 72395 25 10 5747 0 538 4
0 0 0 46 3 99781 3 167 0 0 5
0 0 30 2388 0 1217 96365 0 0 0 6
0 0 4841 19572 66764 24 8799 0 0 0 4
329 0 0 0 6 0 0 7 0 99658 9
95331 0 43 0 3963 0 0 0 662 1 0
29 99906 0 0 0 0 0 0 0 65 1
0 82895 0 269 0 31 0 212 267 16326 1
0 0 0 37 43946 55885 0 132 0 0 3
66714 34 0 0 0 0 0 0 33252 0 8
10462 0 82983 1 6423 42 37 52 0 0 2
0 0 90591 15 33 9033 0 322 0 6 2
2 0 19 0 2 0 0 99977 0 0 7
0 0 84 6606 0 93278 20 6 0 6 3
3886 0 10842 72 77338 7850 12 0 0 0 3
0 0 18 99794 148 2 1 37 0 0 3
0 0 0 1 0 99999 0 0 0 0 5
0 97079 0 13 0 1 22 0 2885 0 1
0 0 0 0 0 0 100000 0 0 0 6
22 0 6183 0 92995 0 390 410 0 0 4
0 0 1 0 0 99999 0 0 0 0 5
93226 5 0 34 163 8 2 0 1624 4938 0
0 1 0 0 0 0 0 0 99999 0 8
9899 6735 60223 231 0 2275 22 0 219 20396 8
3 12888 376 66323 9266 97 2 0 0 11045 5
0 8 0 0 0 0 0 0 32052 67940 9
0 12 0 31 4011 4 155 95599 0 188 7
1 0 0 19553 3 60231 0 3444 0 16768 3
0 0 0 0 1 0 99999 0 0 0 6
0 0 50961 3689 15875 27798 50 0 1627 0 5
0 0 6922 542 88702 3824 9 0 1 0 4
72116 4 3293 28 0 22 74 56 22358 2049 2
0 7985 0 36184 0 1 0 1143 50432 4255 3
99205 0 782 0 0 0 0 0 13 0 0
914 114 0 8887 0 76472 0 0 8703 4910 5
0 100000 0 0 0 0 0 0 0 0 1
96 2 0 0 0 3 0 1 99897 1 8
99539 0 19 0 442 0 0 0 0 0 0
27751 2 32818 0 27795 0 5 0 10679 950 0
0 7 6 2 0 0 1 0 0 99984 9
0 0 59162 0 7492 0 33346 0 0 0 2
71356 0 400 28238 0 0 0 6 0 0 0
0 0 122 90291 201 9191 50 145 0 0 3
116 2 0 0 0 0 0 0 4 99878 9
3 0 149 53323 0 536 34 45952 0 3 6
16 0 99791 0 0 0 193 0 0 0 2
0 1 0 3 15 50 99930 0 0 1 6
0 0 1717 7583 82859 1178 6621 42 0 0 4
0 0 53157 0 0 0 46842 1 0 0 6
6247 0 0 0 0 0 0 0 50744 43009 8
0 0 3723 17819 1276 16294 4461 56415 0 12 5
0 0 0 0 0 0 100000 0 0 0 6
24 0 5828 0 83377 0 10769 2 0 0 4
2440 0 0 19428 12905 18450 39605 7172 0 0 3
0 7001 3000 370 6525 53504 10127 18555 7 911 6
0 0 0 0 971 0 0 99029 0 0 7
0 100000 0 0 0 0 0 0 0 0 1
0 0 0 16 99982 2 0 0 0 0 4
0 0 12313 9641 36503 9288 600 31655 0 0 5
3 3 0 6830 6472 85 1 86293 0 313 7
0 0 0 33644 57 66288 7 4 0 0 5
0 0 0 0 0 0 0 100000 0 0 7
0 0 0 0 0 0 0 0 0 100000 9
75224 400 1 0 3 0 0 12 389 23971 0
0 0 45 721 313 20 98891 10 0 0 3
0 0 283 28005 41 71619 50 2 0 0 5
48 0 0 0 8 0 0 0 99943 1 8
17 0 92751 673 6179 88 72 1 120 99 2
85 0 255 0 99525 0 0 135 0 0 4
443 4358 0 0 1 0 3 0 95195 0 8
0 0 42094 2 52147 0 5738 19 0 0 4
0 0 0 0 0 3 0 99997 0 0 7
2 2615 13683 4 0 83571 0 0 0 125 3
5 0 43787 48063 4710 3384 30 0 0 21 3
0 20 26607 21947 3752 34487 6225 20 178 6764 3
0 99032 0 0 0 0 0 0 1 967 1
0 0 0 0 0 267 0 99733 0 0 7
2 1 4187 51136 2347 7485 10644 23931 247 20 3
0 0 0 98712 2 1253 0 33 0 0 3
99994 0 6 0 0 0 0 0 0 0 2
0 0 84501 5 718 13504 62 1210 0 0 2
0 0 0 0 0 0 0 0 100000 0 8
1860 0 670 0 84825 1 0 12644 0 0 4
100000 0 0 0 0 0 0 0 0 0 0
0 0 100000 0 0 0 0 0 0 0 2
0 75 69930 9 2 15433 636 13912 1 2 2
4 0 99996 0 0 0 0 0 0 0 2
0 99943 0 0 0 0 0 0 0 57 1
1 0 21362 68 78141 3 425 0 0 0 2
0 0 11 100 953 49 98887 0 0 0 6
0 0 0 94282 0 5185 499 0 0 34 6
60074 0 16117 2 23186 23 0 0 598 0 0
0 0 0 0 0 0 0 0 0 100000 9
0 0 0 0 0 0 0 0 100000 0 8
0 0 0 0 0 0 0 99953 0 47 7
0 0 142 10 0 99844 0 4 0 0 2
0 0 0 0 0 2965 0 0 0 97035 9
0 0 130 76962 0 22901 1 6 0 0 3
0 82258 0 0 9 10 9 0 0 17714 9
36713 0 16282 44209 337 2170 283 1 5 0 3
0 124 361 0 537 496 834 96701 29 918 7
0 0 0 77855 445 21682 1 3 14 0 5
0 0 0 0 0 100000 0 0 0 0 5
11 0 0 0 7 0 0 0 99982 0 8
26 0 0 0 0 0 0 0 99974 0 8
2679 52 6 0 0 0 0 1 97221 41 8
0 0 0 9528 0 90291 181 0 0 0 5
1829 5052 344 0 0 0 0 0 58934 33841 9
1 0 24397 17959 18644 36483 2513 3 0 0 5
3 0 0 0 0 0 0 0 0 99997 9
0 100000 0 0 0 0 0 0 0 0 1
68832 6 5044 137 1031 21860 2260 39 712 79 5
0 4 947 59592 0 39394 14 1 0 48 5
0 0 0 0 1 0 99999 0 0 0 6
0 0 8 56 0 99932 4 0 0 0 5
982 0 0 0 0 0 0 0 98966 52 8
0 0 43 71599 15 0 88 28251 0 4 3
0 0 76924 8 5993 458 15713 904 0 0 2
0 202 225 2 0 31 0 0 0 99540 9
0 99842 0 1 0 0 0 0 0 157 1
0 0 3 396 0 99598 0 3 0 0 5
2331 976 1748 14363 3544 2954 1 69289 172 4622 9
0 100000 0 0 0 0 0 0 0 0 1
9816 0 0 0 0 0 0 0 90184 0 8
0 0 991 0 92331 57 0 6621 0 0 4
1340 0 1654 4 0 92460 1 4540 0 1 5
0 0 0 2 0 2 99996 0 0 0 6
22 0 0 0 0 0 0 0 99975 3 8
99802 0 54 83 1 19 9 11 21 0 0
2727 13192 0 576 4 71 35650 0 45120 2660 8
0 0 13511 2535 2666 1 81286 1 0 0 3
0 0 5 7453 0 33677 114 10384 0 48367 9
1 0 6908 2 78413 1029 13646 1 0 0 4
0 100000 0 0 0 0 0 0 0 0 1
24428 17755 2 0 10 0 0 0 56391 1414 0
0 0 0 586 255 308 0 98851 0 0 4
39015 0 9097 28154 11102 12194 313 2 123 0 0
0 0 457 410 2343 13 0 62356 34417 4 7
0 0 0 0 0 0 0 0 100000 0 8
0 0 0 0 0 0 100000 0 0 0 6
0 0 0 169 57489 41808 532 2 0 0 4
99997 0 3 0 0 0 0 0 0 0 2
100000 0 0 0 0 0 0 0 0 0 0
